   1.2098070e-01   1.5387622e-01  -5.0410586e-01   1.2038659e-01   1.2037295e-01   5.9581455e-02  -5.2877016e-02  -1.3817384e-01   1.4770918e-01   7.5590094e-02  -6.0343631e-01   1.1546291e-01   1.5041734e-01  -1.6825427e-01   1.2075299e-01  -4.6436248e-01
  -1.2613620e-01  -2.1400106e-01  -3.7365399e-02  -1.9630173e-01  -1.9678319e-01  -1.4808639e-01  -1.2876833e-01  -9.4029275e-02  -1.3179418e-01  -1.6599882e-01   1.1160893e-02  -1.8037983e-01  -1.9831831e-01  -6.9480301e-02  -1.9554186e-01  -7.8131415e-02
  -2.0784907e-01  -2.6095181e-01   6.0779736e-02  -2.0700062e-01  -1.8172865e-01  -2.1593297e-01  -1.9307758e-01  -1.2235124e-01  -2.5438187e-01  -2.3305886e-01   1.0424059e-01  -2.0868055e-01  -2.5102619e-01  -6.1953430e-02  -2.0166480e-01   3.3483007e-02
   1.4382138e-01   5.6203074e-02  -3.7103334e-01   6.0884355e-02   5.1709501e-02   2.8872746e-02  -1.7640132e-02  -3.8529550e-02   1.7160778e-01   2.6447698e-02  -5.1261006e-01   5.9460530e-02   1.1319923e-01  -1.7765944e-01   6.3192119e-02  -3.8334531e-01
  -3.5352608e-01  -4.1715444e-01   4.0549166e-01  -3.1833766e-01  -3.0369096e-01  -2.0863532e-01  -1.4508708e-01  -9.6642503e-02  -5.2140313e-01  -3.0073051e-01   6.8140811e-01  -4.5406360e-01  -3.4352700e-01   7.2847876e-02  -3.8585330e-01   3.6607794e-01
  -4.3768104e-01  -3.6618411e-01   3.5565769e-01  -3.2587212e-01  -3.2948696e-01  -2.5196912e-01  -1.3986206e-01  -9.3134572e-02  -5.2286431e-01  -3.4119890e-01   5.6740361e-01  -4.5947738e-01  -4.3510091e-01   8.8412856e-03  -4.1491012e-01   2.8023922e-01
  -6.9628943e-02  -8.4285026e-02  -1.4772448e-01  -6.8962277e-02  -1.0072537e-01  -1.1840541e-01  -1.4625870e-01  -1.5695699e-01  -1.3045808e-01  -1.4264968e-01  -1.6742490e-01  -8.6633350e-02  -6.0976872e-02  -1.3037686e-01  -1.3288489e-01  -1.1373828e-01
   1.1249276e-01   5.3563132e-02  -3.5706089e-01   1.0288184e-01   3.9479214e-02   3.3267574e-02  -2.0578554e-02  -5.5323391e-02   6.1523605e-02   1.5235956e-02  -4.6634759e-01   1.0072902e-01   9.8020238e-02  -1.2917362e-01   5.9247816e-02  -3.4320408e-01
   1.7017842e-01   2.0313660e-01  -6.2903211e-01   1.3087674e-01   8.0464266e-02   6.4592148e-02  -2.9709905e-02  -2.0850169e-01   2.5357922e-01   8.7387458e-02  -8.4814977e-01   1.8663696e-01   1.5404694e-01  -2.4883601e-01   1.2621264e-01  -6.5277776e-01
  -2.2262648e-01  -2.9663918e-01   7.9479284e-02  -2.7613491e-01  -1.9822107e-01  -2.4345482e-01  -1.4454716e-01  -8.5509554e-02  -2.5674030e-01  -2.7239474e-01   1.4749755e-01  -2.5882981e-01  -2.5491501e-01  -5.0704452e-02  -2.0491473e-01   6.3888599e-02
  -3.1597448e-01  -3.5158044e-01   2.1891220e-01  -3.4953229e-01  -2.7936373e-01  -2.1575074e-01  -1.7356208e-01  -6.7751022e-02  -3.9550237e-01  -2.4545879e-01   4.6640013e-01  -3.5593778e-01  -3.4742751e-01  -3.5795113e-03  -3.4238209e-01   2.1627232e-01
  -3.5228257e-01  -3.5829362e-01   2.7368283e-01  -3.3582677e-01  -2.7984268e-01  -2.2123804e-01  -2.0366349e-01  -5.4788634e-02  -4.4450187e-01  -2.3553663e-01   5.0117656e-01  -3.8436748e-01  -3.6155549e-01   2.2610583e-03  -3.6795439e-01   2.3386881e-01
   1.5300262e-01   1.6864928e-01  -5.0358405e-01   1.4969032e-01   1.3236128e-01  -1.9301150e-02  -5.9826269e-02  -1.7156359e-01   2.2491485e-01   8.8514477e-02  -6.8091965e-01   1.7765554e-01   1.4042373e-01  -2.6879789e-01   1.7219694e-01  -5.3991857e-01
   3.7629443e-02   1.0295962e-01  -3.5989832e-01   3.5693190e-02   2.3918228e-02  -7.1767874e-03   1.3260956e-02  -9.7769947e-02   1.0888767e-01   4.5383764e-02  -4.6118170e-01   4.7314187e-02   7.3650451e-02  -1.7451738e-01   1.1513099e-01  -3.3341070e-01
