0.497289
0.497289
0.497289
1.304002
1.304002
1.304002
1.825603
1.825603
1.825603
3.990267
3.990267
3.990267
4.742087
4.742087
4.742087
5.166585
5.166585
5.166585
4.516548
4.516548
4.516548
4.341433
4.341433
4.341433
4.486481
4.486481
4.486481
4.474455
4.474455
4.474455
5.024551
5.024551
5.024551
5.181760
5.181760
5.181760
5.372708
5.372708
5.372708
5.177364
5.177364
5.177364
5.137415
5.137415
5.137415
5.205288
5.205288
5.205288
5.216458
5.216458
5.216458
5.344809
5.344809
5.344809
5.373469
5.373469
5.373469
5.428061
5.428061
5.428061
5.377266
5.377266
5.377266
5.367866
5.367866
5.367866
5.386035
5.386035
5.386035
5.389543
5.389543
5.389543
5.421410
5.421410
5.421410
5.428292
5.428292
5.428292
5.442072
5.442072
5.442072
5.429322
5.429322
5.429322
5.426978
5.426978
5.426978
5.431523
5.431523
5.431523
5.432403
5.432403
5.432403
5.440402
5.440402
5.440402
5.442136
5.442136
5.442136
5.445585
5.445585
5.445585
5.442389
5.442389
5.442389
5.441801
5.441801
5.441801
5.442939
5.442939
5.442939
5.443158
5.443158
5.443158
5.445166
5.445166
5.445166
5.445602
5.445602
5.445602
5.446466
5.446466
5.446466
5.445665
5.445665
5.445665
