0.546882
0.964888
0.957505
0.157615
0.546882
0.964886
0.957505
0.157614
0.546881
0.964885
0.957503
0.157612
0.546878
0.964885
0.957501
0.157612
0.546875
0.964882
0.957497
0.157608
0.546875
0.964880
0.957497
0.157606
0.546878
0.964877
0.957497
0.157605
0.546879
0.964877
0.957497
0.157605
0.546880
0.964876
0.957496
0.157607
0.546880
0.964874
0.957496
0.157606
0.546879
0.964873
0.957494
0.157604
0.546876
0.964873
0.957492
0.157604
0.546873
0.964870
0.957487
0.157600
0.546873
0.964868
0.957487
0.157598
0.546875
0.964865
0.957488
0.157597
0.546876
0.964865
0.957488
0.157597
0.546877
0.964865
0.957486
0.157599
0.546877
0.964863
0.957486
0.157599
0.546876
0.964862
0.957484
0.157596
0.546873
0.964862
0.957482
0.157596
0.546870
0.964859
0.957478
0.157592
0.546870
0.964857
0.957478
0.157590
0.546873
0.964854
0.957478
0.157589
0.546874
0.964854
0.957478
0.157589
0.546875
0.964853
0.957477
0.157591
0.546875
0.964851
0.957477
0.157591
0.546874
0.964850
0.957475
0.157588
0.546871
0.964850
0.957473
0.157588
0.546868
0.964847
0.957468
0.157584
0.546868
0.964845
0.957468
0.157582
0.546870
0.964842
0.957469
0.157582
0.546871
0.964842
0.957469
0.157582
0.546872
0.964841
0.957467
0.157583
0.546872
0.964839
0.957467
0.157583
0.546871
0.964838
0.957465
0.157581
0.546868
0.964838
0.957463
0.157581
0.546865
0.964835
0.957459
0.157576
0.546865
0.964833
0.957459
0.157574
0.546868
0.964831
0.957459
0.157574
0.546869
0.964831
0.957459
0.157574
0.546870
0.964830
0.957458
0.157575
0.546870
0.964828
0.957458
0.157575
0.546869
0.964827
0.957456
0.157573
0.546865
0.964827
0.957454
0.157573
0.546862
0.964824
0.957449
0.157568
0.546862
0.964822
0.957449
0.157566
0.546865
0.964819
0.957450
0.157566
0.546866
0.964819
0.957450
0.157566
0.546867
0.964818
0.957448
0.157567
0.546867
0.964816
0.957448
0.157567
0.546866
0.964815
0.957446
0.157565
0.546863
0.964815
0.957444
0.157565
0.546860
0.964812
0.957440
0.157561
0.546860
0.964810
0.957440
0.157558
0.546863
0.964807
0.957440
0.157558
0.546864
0.964807
0.957440
0.157558
0.546864
0.964807
0.957439
0.157559
0.546864
0.964805
0.957439
0.157559
0.546863
0.964804
0.957437
0.157557
0.546860
0.964804
0.957435
0.157557
0.546857
0.964801
0.957430
0.157553
0.546857
0.964799
0.957430
0.157550
0.546860
0.964796
0.957431
0.157550
0.546861
0.964796
0.957431
0.157550
0.546862
0.964795
0.957429
0.157552
0.546862
0.964793
0.957429
0.157551
0.546861
0.964792
0.957427
0.157549
0.546858
0.964792
0.957425
0.157549
0.546855
0.964789
0.957421
0.157545
0.546855
0.964787
0.957421
0.157542
0.546858
0.964784
0.957421
0.157542
0.546858
0.964784
0.957421
0.157542
0.546859
0.964783
0.957420
0.157544
0.546859
0.964782
0.957420
0.157543
0.546858
0.964781
0.957418
0.157541
0.546855
0.964781
0.957416
0.157541
0.546852
0.964778
0.957411
0.157537
0.546852
0.964776
0.957411
0.157535
0.546855
0.964773
0.957412
0.157534
0.546856
0.964773
0.957412
0.157534
0.546857
0.964772
0.957410
0.157536
0.546857
0.964770
0.957410
0.157535
0.546856
0.964769
0.957408
0.157533
0.546853
0.964769
0.957406
0.157533
0.546850
0.964766
0.957402
0.157529
0.546850
0.964764
0.957402
0.157527
0.546852
0.964761
0.957402
0.157526
0.546853
0.964761
0.957402
0.157526
0.546854
0.964760
0.957401
0.157528
0.546854
0.964758
0.957401
0.157528
0.546853
0.964757
0.957399
0.157525
0.546850
0.964757
0.957397
0.157525
0.546847
0.964754
0.957392
0.157521
0.546847
0.964752
0.957392
0.157519
0.546850
0.964750
0.957393
0.157518
0.546851
0.964750
0.957393
0.157518
0.546852
0.964749
0.957391
0.157520
0.546852
0.964747
0.957391
0.157520
0.546851
0.964746
0.957389
0.157517
0.546847
0.964746
0.957387
0.157517
0.546844
0.964743
0.957383
0.157513
0.546844
0.964741
0.957383
0.157511
0.546847
0.964738
0.957383
0.157511
0.546848
0.964738
0.957383
0.157511
0.546849
0.964737
0.957382
0.157512
0.546849
0.964735
0.957382
0.157512
0.546848
0.964734
0.957380
0.157510
0.546845
0.964734
0.957378
0.157510
0.546842
0.964731
0.957373
0.157505
0.546842
0.964729
0.957373
0.157503
0.546845
0.964726
0.957374
0.157503
0.546846
0.964726
0.957374
0.157503
0.546846
0.964726
0.957372
0.157504
0.546846
0.964724
0.957372
0.157504
0.546845
0.964723
0.957370
0.157502
0.546842
0.964723
0.957368
0.157502
0.546839
0.964720
0.957364
0.157497
0.546839
0.964718
0.957364
0.157495
0.546842
0.964715
0.957364
0.157495
0.546843
0.964715
0.957364
0.157495
0.546844
0.964714
0.957363
0.157496
0.546844
0.964712
0.957363
0.157496
0.546843
0.964711
0.957361
0.157494
0.546840
0.964711
0.957359
0.157494
0.546837
0.964708
0.957355
0.157490
0.546837
0.964706
0.957355
0.157487
0.546840
0.964703
0.957355
0.157487
0.546841
0.964703
0.957355
0.157487
0.546841
0.964702
0.957353
0.157488
0.546841
0.964701
0.957353
0.157488
0.546840
0.964700
0.957351
0.157486
0.546837
0.964700
0.957349
0.157486
0.546834
0.964696
0.957345
0.157482
0.546834
0.964695
0.957345
0.157479
0.546837
0.964692
0.957345
0.157479
0.546838
0.964692
0.957346
0.157479
0.546839
0.964691
0.957344
0.157481
0.546839
0.964689
0.957344
0.157480
0.546838
0.964688
0.957342
0.157478
0.546835
0.964688
0.957340
0.157478
0.546832
0.964685
0.957336
0.157474
0.546832
0.964683
0.957336
0.157471
0.546834
0.964680
0.957336
0.157471
0.546835
0.964680
0.957336
0.157471
0.546836
0.964679
0.957334
0.157473
0.546836
0.964677
0.957334
0.157472
0.546835
0.964676
0.957332
0.157470
0.546832
0.964676
0.957330
0.157470
0.546829
0.964673
0.957326
0.157466
0.546829
0.964671
0.957326
0.157464
0.546832
0.964669
0.957326
0.157463
0.546833
0.964669
0.957327
0.157463
0.546834
0.964668
0.957325
0.157465
0.546834
0.964666
0.957325
0.157464
0.546833
0.964665
0.957323
0.157462
0.546830
0.964665
0.957321
0.157462
0.546827
0.964662
0.957317
0.157458
0.546827
0.964660
0.957317
0.157456
0.546829
0.964657
0.957317
0.157455
0.546830
0.964657
0.957317
0.157455
0.546831
0.964656
0.957315
0.157457
0.546831
0.964654
0.957315
0.157457
0.546830
0.964653
0.957313
0.157454
0.546827
0.964653
0.957311
0.157454
0.546824
0.964650
0.957307
0.157450
0.546824
0.964648
0.957307
0.157448
0.546827
0.964645
0.957307
0.157447
0.546828
0.964645
0.957308
0.157447
0.546829
0.964645
0.957306
0.157449
0.546829
0.964643
0.957306
0.157449
0.546828
0.964642
0.957304
0.157446
0.546824
0.964642
0.957302
0.157446
0.546821
0.964639
0.957298
0.157442
0.546821
0.964637
0.957298
0.157440
0.546824
0.964634
0.957298
0.157439
0.546825
0.964634
0.957298
0.157439
0.546826
0.964633
0.957296
0.157441
0.546826
0.964631
0.957296
0.157441
0.546825
0.964630
0.957294
0.157439
0.546822
0.964630
0.957292
0.157439
0.546819
0.964627
0.957288
0.157434
0.546819
0.964625
0.957288
0.157432
0.546822
0.964622
0.957289
0.157432
0.546823
0.964622
0.957289
0.157432
0.546823
0.964621
0.957287
0.157433
0.546823
0.964619
0.957287
0.157433
0.546822
0.964618
0.957285
0.157431
0.546819
0.964618
0.957283
0.157431
0.546816
0.964615
0.957279
0.157426
0.546816
0.964614
0.957279
0.157424
0.546819
0.964611
0.957279
0.157424
0.546820
0.964611
0.957279
0.157424
0.546821
0.964610
0.957278
0.157425
0.546821
0.964608
0.957278
0.157425
0.546820
0.964607
0.957275
0.157423
0.546817
0.964607
0.957273
0.157423
0.546814
0.964604
0.957269
0.157419
0.546814
0.964602
0.957269
0.157416
0.546817
0.964599
0.957270
0.157416
0.546817
0.964599
0.957270
0.157416
0.546818
0.964598
0.957268
0.157417
0.546818
0.964596
0.957268
0.157417
0.546817
0.964595
0.957266
0.157415
0.546814
0.964595
0.957264
0.157415
0.546811
0.964592
0.957260
0.157411
0.546811
0.964590
0.957260
0.157408
0.546814
0.964588
0.957260
0.157408
0.546815
0.964588
0.957260
0.157408
0.546816
0.964587
0.957259
0.157410
0.546816
0.964585
0.957259
0.157409
0.546815
0.964584
0.957256
0.157407
0.546812
0.964584
0.957254
0.157407
0.546809
0.964581
0.957250
0.157403
0.546809
0.964579
0.957250
0.157400
0.546811
0.964576
0.957251
0.157400
0.546812
0.964576
0.957251
0.157400
0.546813
0.964575
0.957249
0.157402
0.546813
0.964573
0.957249
0.157401
0.546812
0.964572
0.957247
0.157399
0.546809
0.964572
0.957245
0.157399
0.546806
0.964569
0.957241
0.157395
0.546806
0.964567
0.957241
0.157393
0.546809
0.964564
0.957241
0.157392
0.546810
0.964564
0.957241
0.157392
0.546811
0.964564
0.957240
0.157394
0.546811
0.964562
0.957240
0.157393
0.546810
0.964561
0.957237
0.157391
0.546806
0.964561
0.957235
0.157391
0.546803
0.964558
0.957231
0.157387
0.546803
0.964556
0.957231
0.157385
0.546806
0.964553
0.957232
0.157384
0.546807
0.964553
0.957232
0.157384
0.546808
0.964552
0.957230
0.157386
0.546808
0.964550
0.957230
0.157386
0.546807
0.964549
0.957228
0.157383
0.546804
0.964549
0.957226
0.157383
0.546801
0.964546
0.957222
0.157379
0.546801
0.964544
0.957222
0.157377
0.546804
0.964541
0.957222
0.157376
0.546805
0.964541
0.957222
0.157376
0.546805
0.964540
0.957221
0.157378
0.546805
0.964538
0.957221
0.157378
0.546804
0.964537
0.957218
0.157375
0.546801
0.964537
0.957216
0.157375
0.546798
0.964534
0.957212
0.157371
0.546798
0.964532
0.957212
0.157369
0.546801
0.964530
0.957213
0.157368
0.546802
0.964530
0.957213
0.157368
0.546803
0.964529
0.957211
0.157370
0.546803
0.964527
0.957211
0.157370
0.546802
0.964526
0.957209
0.157368
0.546799
0.964526
0.957207
0.157368
0.546796
0.964523
0.957203
0.157363
0.546796
0.964521
0.957203
0.157361
0.546799
0.964518
0.957203
0.157361
0.546800
0.964518
0.957203
0.157361
0.546800
0.964517
0.957202
0.157362
0.546800
0.964515
0.957202
0.157362
0.546799
0.964514
0.957199
0.157360
0.546796
0.964514
0.957197
0.157360
0.546793
0.964511
0.957193
0.157355
0.546793
0.964509
0.957193
0.157353
0.546796
0.964507
0.957194
0.157353
0.546797
0.964507
0.957194
0.157353
0.546798
0.964506
0.957192
0.157354
0.546798
0.964504
0.957192
0.157354
0.546797
0.964503
0.957190
0.157352
0.546794
0.964503
0.957188
0.157352
0.546791
0.964500
0.957184
0.157348
0.546791
0.964498
0.957184
0.157345
0.546794
0.964495
0.957184
0.157345
0.546794
0.964495
0.957184
0.157345
0.546795
0.964494
0.957183
0.157346
0.546795
0.964492
0.957183
0.157346
0.546794
0.964491
0.957180
0.157344
0.546791
0.964491
0.957178
0.157344
0.546788
0.964488
0.957174
0.157340
0.546788
0.964486
0.957174
0.157337
0.546791
0.964483
0.957175
0.157337
0.546792
0.964483
0.957175
0.157337
0.546793
0.964483
0.957173
0.157339
0.546793
0.964481
0.957173
0.157338
0.546792
0.964480
0.957171
0.157336
0.546789
0.964480
0.957169
0.157336
0.546786
0.964477
0.957165
0.157332
0.546786
0.964475
0.957165
0.157329
0.546788
0.964472
0.957165
0.157329
0.546789
0.964472
0.957165
0.157329
0.546790
0.964471
0.957164
0.157331
0.546790
0.964469
0.957164
0.157330
0.546789
0.964468
0.957161
0.157328
0.546786
0.964468
0.957160
0.157328
0.546783
0.964465
0.957155
0.157324
0.546783
0.964463
0.957155
0.157322
0.546786
0.964460
0.957156
0.157321
0.546787
0.964460
0.957156
0.157321
0.546788
0.964459
0.957154
0.157323
0.546788
0.964457
0.957154
0.157322
0.546787
0.964456
0.957152
0.157320
0.546783
0.964456
0.957150
0.157320
0.546780
0.964453
0.957146
0.157316
0.546780
0.964451
0.957146
0.157314
0.546783
0.964449
0.957146
0.157313
0.546784
0.964449
0.957146
0.157313
0.546785
0.964448
0.957145
0.157315
0.546785
0.964446
0.957145
0.157315
0.546784
0.964445
0.957142
0.157312
0.546781
0.964445
0.957141
0.157312
0.546778
0.964442
0.957136
0.157308
0.546778
0.964440
0.957136
0.157306
0.546781
0.964437
0.957137
0.157305
0.546782
0.964437
0.957137
0.157305
0.546782
0.964436
0.957135
0.157307
0.546782
0.964434
0.957135
0.157307
0.546781
0.964433
0.957133
0.157304
0.546778
0.964433
0.957131
0.157304
0.546775
0.964430
0.957127
0.157300
0.546775
0.964428
0.957127
0.157298
0.546778
0.964425
0.957127
0.157298
0.546779
0.964425
0.957127
0.157298
0.546780
0.964425
0.957126
0.157299
0.546780
0.964423
0.957126
0.157299
0.546779
0.964422
0.957123
0.157297
0.546776
0.964422
0.957122
0.157297
0.546773
0.964419
0.957117
0.157292
0.546773
0.964417
0.957117
0.157290
0.546776
0.964414
0.957118
0.157290
0.546776
0.964414
0.957118
0.157290
0.546777
0.964413
0.957116
0.157291
0.546777
0.964411
0.957116
0.157291
0.546776
0.964410
0.957114
0.157289
0.546773
0.964410
0.957112
0.157289
0.546770
0.964407
0.957108
0.157284
0.546770
0.964405
0.957108
0.157282
0.546773
0.964402
0.957108
0.157282
0.546774
0.964402
0.957108
0.157282
0.546775
0.964402
0.957107
0.157283
0.546775
0.964400
0.957107
0.157283
0.546774
0.964399
0.957105
0.157281
0.546771
0.964399
0.957103
0.157281
0.546768
0.964396
0.957098
0.157277
0.546768
0.964394
0.957098
0.157274
0.546770
0.964391
0.957099
0.157274
0.546771
0.964391
0.957099
0.157274
0.546772
0.964390
0.957097
0.157275
0.546772
0.964388
0.957097
0.157275
0.546771
0.964387
0.957095
0.157273
0.546768
0.964387
0.957093
0.157273
0.546765
0.964384
0.957089
0.157269
0.546765
0.964382
0.957089
0.157266
0.546768
0.964379
0.957089
0.157266
0.546769
0.964379
0.957089
0.157266
0.546770
0.964378
0.957088
0.157268
0.546770
0.964376
0.957088
0.157267
0.546769
0.964375
0.957086
0.157265
0.546766
0.964375
0.957084
0.157265
0.546762
0.964372
0.957079
0.157261
0.546762
0.964370
0.957079
0.157258
0.546765
0.964368
0.957080
0.157258
0.546766
0.964368
0.957080
0.157258
0.546767
0.964367
0.957078
0.157260
0.546767
0.964365
0.957078
0.157259
0.546766
0.964364
0.957076
0.157257
0.546763
0.964364
0.957074
0.157257
0.546760
0.964361
0.957070
0.157253
0.546760
0.964359
0.957070
0.157251
0.546763
0.964356
0.957070
0.157250
0.546764
0.964356
0.957070
0.157250
0.546765
0.964355
0.957069
0.157252
0.546765
0.964353
0.957069
0.157251
0.546763
0.964352
0.957067
0.157249
0.546760
0.964352
0.957065
0.157249
0.546757
0.964349
0.957060
0.157245
0.546757
0.964347
0.957060
0.157243
0.546760
0.964344
0.957061
0.157242
0.546761
0.964344
0.957061
0.157242
0.546762
0.964344
0.957059
0.157244
0.546762
0.964342
0.957059
0.157244
0.546761
0.964341
0.957057
0.157241
0.546758
0.964341
0.957055
0.157241
0.546755
0.964338
0.957051
0.157237
0.546755
0.964336
0.957051
0.157235
0.546758
0.964333
0.957051
0.157234
0.546759
0.964333
0.957051
0.157234
0.546759
0.964332
0.957050
0.157236
0.546759
0.964330
0.957050
0.157236
0.546758
0.964329
0.957048
0.157233
0.546755
0.964329
0.957046
0.157233
0.546752
0.964326
0.957041
0.157229
0.546752
0.964324
0.957041
0.157227
0.546755
0.964321
0.957042
0.157227
0.546756
0.964321
0.957042
0.157227
0.546757
0.964321
0.957040
0.157228
0.546757
0.964319
0.957040
0.157228
0.546756
0.964318
0.957038
0.157226
0.546753
0.964318
0.957036
0.157226
0.546750
0.964315
0.957032
0.157221
0.546750
0.964313
0.957032
0.157219
0.546753
0.964310
0.957032
0.157219
0.546753
0.964310
0.957032
0.157219
0.546754
0.964309
0.957031
0.157220
0.546754
0.964307
0.957031
0.157220
0.546753
0.964306
0.957029
0.157218
0.546750
0.964306
0.957027
0.157218
0.546747
0.964303
0.957023
0.157213
0.546747
0.964301
0.957023
0.157211
0.546750
0.964298
0.957023
0.157211
0.546751
0.964298
0.957023
0.157211
0.546752
0.964297
0.957021
0.157212
0.546752
0.964295
0.957021
0.157212
0.546751
0.964294
0.957019
0.157210
0.546748
0.964294
0.957017
0.157210
0.546745
0.964291
0.957013
0.157206
0.546745
0.964289
0.957013
0.157203
0.546747
0.964287
0.957013
0.157203
0.546748
0.964287
0.957014
0.157203
0.546749
0.964286
0.957012
0.157204
0.546749
0.964284
0.957012
0.157204
0.546748
0.964283
0.957010
0.157202
0.546745
0.964283
0.957008
0.157202
0.546742
0.964280
0.957004
0.157198
0.546742
0.964278
0.957004
0.157195
0.546745
0.964275
0.957004
0.157195
0.546746
0.964275
0.957004
0.157195
0.546747
0.964274
0.957002
0.157197
0.546747
0.964272
0.957002
0.157196
0.546746
0.964271
0.957000
0.157194
0.546742
0.964271
0.956998
0.157194
0.546739
0.964268
0.956994
0.157190
0.546739
0.964266
0.956994
0.157187
0.546742
0.964263
0.956994
0.157187
0.546743
0.964263
0.956995
0.157187
0.546744
0.964263
0.956993
0.157189
0.546744
0.964261
0.956993
0.157188
0.546743
0.964260
0.956991
0.157186
0.546740
0.964260
0.956989
0.157186
0.546737
0.964257
0.956985
0.157182
0.546737
0.964255
0.956985
0.157180
0.546740
0.964252
0.956985
0.157179
0.546741
0.964252
0.956985
0.157179
0.546741
0.964251
0.956983
0.157181
0.546741
0.964249
0.956983
0.157180
0.546740
0.964248
0.956981
0.157178
0.546737
0.964248
0.956979
0.157178
0.546734
0.964245
0.956975
0.157174
0.546734
0.964243
0.956975
0.157172
0.546737
0.964240
0.956975
0.157171
0.546738
0.964240
0.956976
0.157171
0.546739
0.964240
0.956974
0.157173
0.546739
0.964238
0.956974
0.157173
0.546738
0.964237
0.956972
0.157170
0.546735
0.964237
0.956970
0.157170
0.546732
0.964234
0.956966
0.157166
0.546732
0.964232
0.956966
0.157164
0.546735
0.964229
0.956966
0.157163
0.546736
0.964229
0.956966
0.157163
0.546736
0.964228
0.956964
0.157165
0.546736
0.964226
0.956964
0.157165
0.546735
0.964225
0.956962
0.157162
0.546732
0.964225
0.956960
0.157162
0.546729
0.964222
0.956956
0.157158
0.546729
0.964220
0.956956
0.157156
0.546732
0.964217
0.956957
0.157156
0.546733
0.964217
0.956957
0.157156
0.546734
0.964216
0.956955
0.157157
0.546734
0.964214
0.956955
0.157157
0.546733
0.964213
0.956953
0.157155
0.546730
0.964213
0.956951
0.157155
0.546727
0.964210
0.956947
0.157150
0.546727
0.964208
0.956947
0.157148
0.546729
0.964206
0.956947
0.157148
0.546730
0.964206
0.956947
0.157148
0.546731
0.964205
0.956946
0.157149
0.546731
0.964203
0.956946
0.157149
0.546730
0.964202
0.956943
0.157147
0.546727
0.964202
0.956941
0.157147
0.546724
0.964199
0.956937
0.157142
0.546724
0.964197
0.956937
0.157140
0.546727
0.964194
0.956938
0.157140
0.546728
0.964194
0.956938
0.157140
0.546729
0.964193
0.956936
0.157141
0.546729
0.964191
0.956936
0.157141
0.546728
0.964190
0.956934
0.157139
0.546725
0.964190
0.956932
0.157139
0.546722
0.964187
0.956928
0.157135
0.546722
0.964185
0.956928
0.157132
0.546724
0.964182
0.956928
0.157132
0.546725
0.964182
0.956928
0.157132
0.546726
0.964182
0.956927
0.157133
0.546726
0.964180
0.956927
0.157133
0.546725
0.964179
0.956924
0.157131
0.546722
0.964179
0.956922
0.157131
0.546719
0.964176
0.956918
0.157127
0.546719
0.964174
0.956918
0.157124
0.546722
0.964171
0.956919
0.157124
0.546723
0.964171
0.956919
0.157124
0.546724
0.964170
0.956917
0.157126
0.546724
0.964168
0.956917
0.157125
0.546723
0.964167
0.956915
0.157123
0.546719
0.964167
0.956913
0.157123
0.546716
0.964164
0.956909
0.157119
0.546716
0.964162
0.956909
0.157117
0.546719
0.964159
0.956909
0.157116
0.546720
0.964159
0.956909
0.157116
0.546721
0.964159
0.956908
0.157118
0.546721
0.964157
0.956908
0.157117
0.546720
0.964156
0.956905
0.157115
0.546717
0.964156
0.956903
0.157115
0.546714
0.964153
0.956899
0.157111
0.546714
0.964151
0.956899
0.157109
0.546717
0.964148
0.956900
0.157108
0.546718
0.964148
0.956900
0.157108
0.546718
0.964147
0.956898
0.157110
0.546718
0.964145
0.956898
0.157110
0.546717
0.964144
0.956896
0.157107
0.546714
0.964144
0.956894
0.157107
0.546711
0.964141
0.956890
0.157103
0.546711
0.964139
0.956890
0.157101
0.546714
0.964136
0.956890
0.157100
0.546715
0.964136
0.956890
0.157100
0.546716
0.964135
0.956889
0.157102
0.546716
0.964133
0.956889
0.157102
0.546715
0.964132
0.956886
0.157099
0.546712
0.964132
0.956884
0.157099
0.546709
0.964129
0.956880
0.157095
0.546709
0.964127
0.956880
0.157093
0.546712
0.964125
0.956881
0.157092
0.546712
0.964125
0.956881
0.157092
0.546713
0.964124
0.956879
0.157094
0.546713
0.964122
0.956879
0.157094
0.546712
0.964121
0.956877
0.157092
0.546709
0.964121
0.956875
0.157092
0.546706
0.964118
0.956871
0.157087
0.546706
0.964116
0.956871
0.157085
0.546709
0.964113
0.956871
0.157085
0.546710
0.964113
0.956871
0.157085
0.546711
0.964112
0.956870
0.157086
0.546711
0.964110
0.956870
0.157086
0.546710
0.964109
0.956867
0.157084
0.546707
0.964109
0.956866
0.157084
0.546704
0.964106
0.956861
0.157079
0.546704
0.964104
0.956861
0.157077
0.546706
0.964102
0.956862
0.157077
0.546707
0.964102
0.956862
0.157077
0.546708
0.964101
0.956860
0.157078
0.546708
0.964099
0.956860
0.157078
0.546707
0.964098
0.956858
0.157076
0.546704
0.964098
0.956856
0.157076
0.546701
0.964095
0.956852
0.157072
0.546701
0.964093
0.956852
0.157069
0.546704
0.964090
0.956852
0.157069
0.546705
0.964090
0.956852
0.157069
0.546706
0.964089
0.956851
0.157070
0.546706
0.964087
0.956851
0.157070
0.546705
0.964086
0.956848
0.157068
0.546701
0.964086
0.956847
0.157068
0.546698
0.964083
0.956842
0.157064
0.546698
0.964081
0.956842
0.157061
0.546701
0.964078
0.956843
0.157061
0.546702
0.964078
0.956843
0.157061
0.546703
0.964078
0.956841
0.157063
0.546703
0.964076
0.956841
0.157062
0.546702
0.964075
0.956839
0.157060
0.546699
0.964075
0.956837
0.157060
0.546696
0.964072
0.956833
0.157056
0.546696
0.964070
0.956833
0.157053
0.546699
0.964067
0.956833
0.157053
0.546700
0.964067
0.956833
0.157053
0.546700
0.964066
0.956832
0.157055
0.546700
0.964064
0.956832
0.157054
0.546699
0.964063
0.956829
0.157052
0.546696
0.964063
0.956828
0.157052
0.546693
0.964060
0.956823
0.157048
0.546693
0.964058
0.956823
0.157046
0.546696
0.964055
0.956824
0.157045
0.546697
0.964055
0.956824
0.157045
0.546698
0.964054
0.956822
0.157047
0.546698
0.964052
0.956822
0.157046
0.546697
0.964051
0.956820
0.157044
0.546694
0.964051
0.956818
0.157044
0.546691
0.964048
0.956814
0.157040
0.546691
0.964046
0.956814
0.157038
0.546694
0.964044
0.956814
0.157037
0.546695
0.964044
0.956814
0.157037
0.546695
0.964043
0.956813
0.157039
0.546695
0.964041
0.956813
0.157039
0.546694
0.964040
0.956811
0.157036
0.546691
0.964040
0.956809
0.157036
0.546688
0.964037
0.956804
0.157032
0.546688
0.964035
0.956804
0.157030
0.546691
0.964032
0.956805
0.157029
0.546692
0.964032
0.956805
0.157029
0.546693
0.964031
0.956803
0.157031
0.546693
0.964029
0.956803
0.157031
0.546692
0.964028
0.956801
0.157028
0.546689
0.964028
0.956799
0.157028
0.546686
0.964025
0.956795
0.157024
0.546686
0.964023
0.956795
0.157022
0.546689
0.964021
0.956795
0.157021
0.546689
0.964021
0.956795
0.157021
0.546690
0.964020
0.956794
0.157023
0.546690
0.964018
0.956794
0.157023
0.546689
0.964017
0.956792
0.157021
0.546686
0.964017
0.956790
0.157021
0.546683
0.964014
0.956785
0.157016
0.546683
0.964012
0.956785
0.157014
0.546686
0.964009
0.956786
0.157014
0.546687
0.964009
0.956786
0.157014
0.546688
0.964008
0.956784
0.157015
0.546688
0.964006
0.956784
0.157015
0.546687
0.964005
0.956782
0.157013
0.546684
0.964005
0.956780
0.157013
0.546681
0.964002
0.956776
0.157008
0.546681
0.964000
0.956776
0.157006
0.546683
0.963997
0.956776
0.157006
0.546684
0.963997
0.956776
0.157006
0.546685
0.963997
0.956775
0.157007
0.546685
0.963995
0.956775
0.157007
0.546684
0.963994
0.956773
0.157005
0.546681
0.963994
0.956771
0.157005
0.546678
0.963991
0.956766
0.157001
0.546678
0.963989
0.956766
0.156998
0.546681
0.963986
0.956767
0.156998
0.546682
0.963986
0.956767
0.156998
0.546683
0.963985
0.956765
0.156999
0.546683
0.963983
0.956765
0.156999
0.546682
0.963982
0.956763
0.156997
0.546678
0.963982
0.956761
0.156997
0.546675
0.963979
0.956757
0.156993
0.546675
0.963977
0.956757
0.156990
0.546678
0.963974
0.956757
0.156990
0.546679
0.963974
0.956757
0.156990
0.546680
0.963973
0.956756
0.156992
0.546680
0.963971
0.956756
0.156991
0.546679
0.963970
0.956754
0.156989
0.546676
0.963970
0.956752
0.156989
0.546673
0.963967
0.956748
0.156985
0.546673
0.963966
0.956748
0.156982
0.546676
0.963963
0.956748
0.156982
0.546677
0.963963
0.956748
0.156982
0.546677
0.963962
0.956746
0.156984
0.546677
0.963960
0.956746
0.156983
0.546676
0.963959
0.956744
0.156981
0.546673
0.963959
0.956742
0.156981
0.546670
0.963956
0.956738
0.156977
0.546670
0.963954
0.956738
0.156975
0.546673
0.963951
0.956738
0.156974
0.546674
0.963951
0.956739
0.156974
0.546675
0.963950
0.956737
0.156976
0.546675
0.963948
0.956737
0.156975
0.546674
0.963947
0.956735
0.156973
0.546671
0.963947
0.956733
0.156973
0.546668
0.963944
0.956729
0.156969
0.546668
0.963942
0.956729
0.156967
0.546671
0.963940
0.956729
0.156966
0.546671
0.963940
0.956729
0.156966
0.546672
0.963939
0.956727
0.156968
0.546672
0.963937
0.956727
0.156968
0.546671
0.963936
0.956725
0.156965
0.546668
0.963936
0.956723
0.156965
0.546665
0.963933
0.956719
0.156961
0.546665
0.963931
0.956719
0.156959
0.546668
0.963928
0.956719
0.156958
0.546669
0.963928
0.956720
0.156958
0.546670
0.963927
0.956718
0.156960
0.546670
0.963925
0.956718
0.156960
0.546669
0.963924
0.956716
0.156957
0.546666
0.963924
0.956714
0.156957
0.546663
0.963921
0.956710
0.156953
0.546663
0.963919
0.956710
0.156951
0.546665
0.963916
0.956710
0.156951
0.546666
0.963916
0.956710
0.156951
0.546667
0.963916
0.956708
0.156952
0.546667
0.963914
0.956708
0.156952
0.546666
0.963913
0.956706
0.156950
0.546663
0.963913
0.956704
0.156950
0.546660
0.963910
0.956700
0.156945
0.546660
0.963908
0.956700
0.156943
0.546663
0.963905
0.956701
0.156943
0.546664
0.963905
0.956701
0.156943
0.546665
0.963904
0.956699
0.156944
0.546665
0.963902
0.956699
0.156944
0.546664
0.963901
0.956697
0.156942
0.546661
0.963901
0.956695
0.156942
0.546658
0.963898
0.956691
0.156937
0.546658
0.963896
0.956691
0.156935
0.546660
0.963893
0.956691
0.156935
0.546661
0.963893
0.956691
0.156935
0.546662
0.963892
0.956690
0.156936
0.546662
0.963891
0.956690
0.156936
0.546661
0.963889
0.956687
0.156934
0.546658
0.963889
0.956685
0.156934
0.546655
0.963886
0.956681
0.156930
0.546655
0.963885
0.956681
0.156927
0.546658
0.963882
0.956682
0.156927
0.546659
0.963882
0.956682
0.156927
0.546660
0.963881
0.956680
0.156928
0.546660
0.963879
0.956680
0.156928
0.546659
0.963878
0.956678
0.156926
0.546655
0.963878
0.956676
0.156926
0.546652
0.963875
0.956672
0.156922
0.546652
0.963873
0.956672
0.156919
0.546655
0.963870
0.956672
0.156919
0.546656
0.963870
0.956672
0.156919
0.546657
0.963869
0.956671
0.156921
0.546657
0.963867
0.956671
0.156920
0.546656
0.963866
0.956668
0.156918
0.546653
0.963866
0.956666
0.156918
0.546650
0.963863
0.956662
0.156914
0.546650
0.963861
0.956662
0.156912
0.546653
0.963859
0.956663
0.156911
0.546654
0.963859
0.956663
0.156911
0.546654
0.963858
0.956661
0.156913
0.546654
0.963856
0.956661
0.156912
0.546653
0.963855
0.956659
0.156910
0.546650
0.963855
0.956657
0.156910
0.546647
0.963852
0.956653
0.156906
0.546647
0.963850
0.956653
0.156904
0.546650
0.963847
0.956653
0.156903
0.546651
0.963847
0.956653
0.156903
0.546652
0.963846
0.956652
0.156905
0.546652
0.963844
0.956652
0.156905
0.546651
0.963843
0.956649
0.156902
0.546648
0.963843
0.956647
0.156902
0.546645
0.963840
0.956643
0.156898
0.546645
0.963838
0.956643
0.156896
0.546648
0.963835
0.956644
0.156895
0.546648
0.963835
0.956644
0.156895
0.546649
0.963835
0.956642
0.156897
0.546649
0.963833
0.956642
0.156897
0.546648
0.963832
0.956640
0.156894
0.546645
0.963832
0.956638
0.156894
0.546642
0.963829
0.956634
0.156890
0.546642
0.963827
0.956634
0.156888
0.546645
0.963824
0.956634
0.156887
0.546646
0.963824
0.956634
0.156887
0.546647
0.963823
0.956633
0.156889
0.546647
0.963821
0.956633
0.156889
0.546646
0.963820
0.956630
0.156887
0.546643
0.963820
0.956628
0.156887
0.546640
0.963817
0.956624
0.156882
0.546640
0.963815
0.956624
0.156880
0.546642
0.963812
0.956625
0.156880
0.546643
0.963812
0.956625
0.156880
0.546644
0.963811
0.956623
0.156881
0.546644
0.963810
0.956623
0.156881
0.546643
0.963809
0.956621
0.156879
0.546640
0.963809
0.956619
0.156879
0.546637
0.963806
0.956615
0.156874
0.546637
0.963804
0.956615
0.156872
0.546640
0.963801
0.956615
0.156872
0.546641
0.963801
0.956615
0.156872
0.546642
0.963800
0.956614
0.156873
0.546642
0.963798
0.956614
0.156873
0.546641
0.963797
0.956611
0.156871
0.546637
0.963797
0.956610
0.156871
0.546634
0.963794
0.956605
0.156867
0.546634
0.963792
0.956605
0.156864
0.546637
0.963789
0.956606
0.156864
0.546638
0.963789
0.956606
0.156864
0.546639
0.963788
0.956604
0.156865
0.546639
0.963786
0.956604
0.156865
0.546638
0.963785
0.956602
0.156863
0.546635
0.963785
0.956600
0.156863
0.546632
0.963782
0.956596
0.156859
0.546632
0.963780
0.956596
0.156856
0.546635
0.963778
0.956596
0.156856
0.546636
0.963778
0.956596
0.156856
0.546636
0.963777
0.956595
0.156858
0.546636
0.963775
0.956595
0.156857
0.546635
0.963774
0.956592
0.156855
0.546632
0.963774
0.956591
0.156855
0.546629
0.963771
0.956586
0.156851
0.546629
0.963769
0.956586
0.156848
0.546632
0.963766
0.956587
0.156848
0.546633
0.963766
0.956587
0.156848
0.546634
0.963765
0.956585
0.156850
0.546634
0.963763
0.956585
0.156849
0.546633
0.963762
0.956583
0.156847
0.546630
0.963762
0.956581
0.156847
0.546627
0.963759
0.956577
0.156843
0.546627
0.963757
0.956577
0.156841
0.546630
0.963754
0.956577
0.156840
0.546631
0.963754
0.956577
0.156840
0.546631
0.963754
0.956576
0.156842
0.546631
0.963752
0.956576
0.156841
0.546630
0.963751
0.956574
0.156839
0.546627
0.963751
0.956572
0.156839
0.546624
0.963748
0.956567
0.156835
0.546624
0.963746
0.956567
0.156833
0.546627
0.963743
0.956568
0.156832
0.546628
0.963743
0.956568
0.156832
0.546629
0.963742
0.956566
0.156834
0.546629
0.963740
0.956566
0.156834
0.546628
0.963739
0.956564
0.156831
0.546625
0.963739
0.956562
0.156831
0.546622
0.963736
0.956558
0.156827
0.546622
0.963734
0.956558
0.156825
0.546625
0.963731
0.956558
0.156824
0.546625
0.963731
0.956558
0.156824
