  -1.5283975e+00  -1.2397091e+00  -1.2672803e+00  -1.2246735e+00   3.2093502e+00  -2.0975185e+00  -6.6972816e-01  -1.6582287e+00  -5.3029319e-01  -2.0481479e-01  -4.1755952e+00  -1.0466465e+00  -1.2611645e+00  -1.0575052e+00  -1.3910950e+00  -1.4511282e+00
  -8.3373274e-01  -4.1045806e+00  -6.4359735e-01  -4.2598627e+00   9.7579684e+00  -1.7493855e+00  -3.9436517e-01  -1.4459782e+00  -1.8599790e-01  -4.3673067e+00   7.3679126e+00  -4.3139463e+00  -4.1172389e+00  -1.5353025e+00  -6.7319186e-01  -7.5347511e-01
  -6.5254565e-01  -1.9216720e+00  -6.2553131e-01  -1.9757148e+00   2.7648188e+00  -1.5272548e+00  -4.6004961e-01  -8.8422572e-01  -1.1116656e-01  -3.6498255e+00   5.0520322e+00  -1.9945368e+00  -2.0246428e+00  -1.7917155e+00  -6.2201601e-01  -6.5465709e-01
  -6.3607386e-01  -1.7645953e+00  -5.0496289e-01  -1.8071201e+00   2.2821805e+00  -1.5772076e+00  -5.2172907e-01  -8.5129731e-01  -8.3834399e-02  -3.4593459e+00   4.9102343e+00  -1.9136142e+00  -1.8540966e+00  -1.9071563e+00  -6.4895301e-01  -7.0666313e-01
  -3.3323730e+00   1.7453647e+01  -3.3067667e+00   1.6701360e+01   1.8833592e+01   1.6372618e+01  -3.3349524e+00  -3.4446277e+00  -3.1543743e+00   1.0926946e+01  -3.1644894e+00   1.6653270e+01   1.6974173e+01   1.6350671e+01  -3.3751230e+00  -3.3553919e+00
  -1.2257885e+01   1.3422411e+01  -9.6034620e+00   1.3115610e+01   2.8616414e+01  -2.4563809e+01  -6.8068260e+00  -1.4716547e+01  -4.7178962e+00  -2.9843461e+01  -4.3406920e+00   1.2975292e+01   1.3253761e+01  -2.4630401e+01  -1.1699892e+01  -1.2393828e+01
  -4.2115521e+00   1.3650905e+01  -4.3679868e+00   1.5109945e+01   2.7023532e+01   1.5376350e+01  -4.2719281e+00  -4.0772694e+00  -4.5187074e+00   2.1130126e+01  -4.4799896e+00   1.6013740e+01   1.4287829e+01   1.6410903e+01  -4.1151698e+00  -4.0980815e+00
   3.3432834e-01   1.5501823e+01   3.5367248e-01   1.5597832e+01   1.3872757e+01  -2.1238384e+00   5.3290537e-01   3.6426936e-01   2.7324188e-01  -4.5673838e-01   2.4070774e+00   1.5837471e+01   1.5463643e+01  -1.4987167e+00   4.5552777e-01   5.2132116e-01
  -6.7470568e-01  -1.6572004e+00  -6.1345676e-01  -1.7406478e+00   1.7563817e+00  -1.7690901e+00  -3.4957769e-01  -8.3942418e-01  -2.3341240e-01  -3.5335748e+00   4.8918414e+00  -1.6134294e+00  -1.7560118e+00  -1.5996561e+00  -6.0743032e-01  -6.3144737e-01
  -6.9075789e-01  -1.9131891e+00  -5.9641168e-01  -2.0157124e+00   2.7503173e+00  -1.5539161e+00  -4.6855812e-01  -8.8052915e-01  -1.1762345e-01  -3.6317403e+00   4.9633362e+00  -1.9344520e+00  -1.9741572e+00  -1.7726743e+00  -6.0371167e-01  -6.2823023e-01
  -6.6905468e-01  -1.6595827e+00  -6.0648284e-01  -1.7719237e+00   1.8603468e+00  -1.7042648e+00  -3.8837690e-01  -8.4679294e-01  -1.7538643e-01  -3.4870723e+00   4.7982260e+00  -1.6519906e+00  -1.7313395e+00  -1.7108634e+00  -6.0119048e-01  -6.3216617e-01
  -3.2750752e+00   1.5040951e+01  -3.2697267e+00   1.4802825e+01   2.4504248e+01   1.4479284e+01  -3.2803697e+00  -3.2663038e+00  -3.2794808e+00   8.2193449e+00  -3.2957856e+00   1.4892517e+01   1.4887086e+01   1.4769975e+01  -3.2728082e+00  -3.2713728e+00
  -6.5280797e-01  -2.1392875e+00  -5.4540695e-01  -2.1727086e+00   3.5554891e+00  -1.5148950e+00  -4.8207187e-01  -9.3302554e-01  -2.9662741e-02  -3.6571586e+00   5.1966586e+00  -2.2984513e+00  -2.1858074e+00  -1.8137999e+00  -6.5502638e-01  -7.7079553e-01
  -6.9484420e-01  -2.6114047e+00  -5.1542245e-01  -2.6917519e+00   5.2448793e+00  -1.4261881e+00  -5.2080246e-01  -9.4339411e-01  -1.1293252e-01  -3.9298111e+00   5.5300221e+00  -2.8443325e+00  -2.5974574e+00  -1.7443032e+00  -6.7909167e-01  -7.5502265e-01
