  -7.3152285e-01   3.7467683e-01   1.6840293e+00  -1.2134995e+00  -3.1854806e-01  -3.0427802e-01  -1.3565083e+00   1.6212869e+00  -1.6033370e-01  -1.0276731e+00   2.6240281e+00  -2.7844626e-01   1.0955806e-01   1.3404900e+00  -1.3358497e+00  -2.4732571e+00
  -6.7765374e-01  -5.1094261e-01  -2.2155570e-01  -7.2421500e-02   4.9260391e-01  -9.8815875e-01  -1.0027134e+00  -1.4489315e-01  -4.5771979e-01   1.2334822e-01   3.3323984e-01  -6.9218882e-01   1.8089075e-01   3.2163485e-01  -2.7616326e-01   4.4205978e-01
  -5.7879735e-01  -1.7004120e-01   1.8576017e-01   3.9751652e-01   4.8445817e-01   3.4619608e-01  -2.0050449e-01  -2.2702035e-01   1.8268408e-02  -1.0732217e+00   1.6472238e+00   3.2305223e-01  -2.4594658e-01  -2.9144218e-02  -7.1508507e-01   9.1413828e-02
  -1.1070741e+00   7.0204908e-01   3.6536911e-01  -2.5179482e-01   6.8085037e-01  -1.1985513e-01   1.0637636e+00   3.7037192e-01   8.3343562e-01   9.3519823e-01  -2.0171245e-02   3.8455092e-01   5.9359411e-01   1.0688154e+00  -2.9154262e-01  -6.1567859e-01
   3.5814592e-01   5.9420033e-01  -1.1458115e-01   1.2118572e+00  -9.3670897e-01  -3.3459917e-02   7.4123536e-01   7.2772738e-01   2.7895851e-01  -5.5915482e-01   4.0888272e-02  -2.9780591e-01  -5.3234560e-02   1.9327312e-01   2.4802886e-01   3.6467158e-01
   8.9092234e-01   8.9248671e-01   7.9572922e-01   4.9819360e-01   6.2613286e-01   1.0793106e+00   4.4063986e-01   9.0029581e-01   4.2426080e-02   1.9129559e-01  -1.0210844e-01   1.0483666e+00   2.3371775e-01  -2.0115460e-01   4.3121202e-02   3.4896092e-01
   1.1993679e+00   8.6198372e-02   1.5084704e-01   3.0883812e-01   9.2837599e-02   8.9501034e-01  -5.8564924e-01  -4.1953523e+00  -6.5082378e-01  -4.4578678e-01   5.5693083e-01   6.2650683e-01   6.3038214e-01   1.3278919e+00  -3.5828342e-01  -7.7377029e-01
   1.0836384e+00   4.5572111e-01  -9.9000056e-01   8.0992293e-01  -9.8860077e-01  -9.8741452e-01  -9.3563211e-01  -2.6868966e-01   1.1707113e+00   2.1887144e+00  -1.3517073e+00  -2.8123603e+00  -3.4179036e+00  -2.4979213e+00   1.1998256e+00   8.8123622e-01
   4.7739020e-02   5.4613816e-01   4.9939414e-01   1.2755418e-01  -3.6154952e-01   3.0454601e-01   8.2389022e-01  -1.3339406e-02   6.6618591e-01  -1.1966793e+00  -4.9823343e-01   1.3623211e+00  -1.8600701e-01   5.7324565e-01  -4.7214885e-01   5.0299462e-01
  -1.1599582e+00  -1.2581762e+00  -3.3101763e-01  -8.0988460e-01  -9.5996790e-01   3.7339203e-04  -6.5598334e-02   3.2920043e+00   7.3922369e-01  -8.5986966e-01  -7.9487883e-01  -2.1779839e-01  -5.5639138e-01   8.3704017e-01  -1.7064397e-01   7.5616690e-02
  -1.1209803e+00  -9.9291699e-01  -9.6057854e-01   3.6810991e-01   6.9182653e-02   7.1936468e-01   4.9178636e-01   5.0265908e+00   8.3486593e-01   1.5001031e+00  -2.3073757e+00  -1.4826319e+00  -7.4988583e-01  -2.8046406e-01   7.7711139e-01   1.2838699e+00
  -3.5961447e-01  -5.5934177e-01  -6.1697855e-01   8.7431319e-01   6.2939412e-02   2.6526224e-01   1.9379048e-01  -5.3023744e-01   3.1264589e-01  -8.0757096e-01  -3.7849924e-01  -5.6668179e-01   3.3632974e-01   4.4925771e-01  -8.7371390e-01  -1.6338427e-01
   7.7498985e-01  -9.5800955e-01   1.1482061e+00   3.6522799e+00  -1.5084367e+00  -3.2518729e-01   2.0671338e+00  -7.7616619e-01   7.8269671e-01  -2.5950343e-01  -2.0665800e-01   9.4660784e-01  -7.9020446e-01  -1.1057261e-01  -5.9774154e-01   8.8175289e-01
  -3.4201337e-01  -4.8180538e-01   1.8621754e-01   1.9314658e-01   1.0959626e+00   1.2740470e-01  -4.5701747e-01  -2.3571006e+00  -2.2713664e-01  -1.3560798e-01  -5.5361083e-01   1.1360610e+00   1.3197547e+00   5.4670445e-01  -8.5512884e-01  -5.0261260e-01
  -1.6717187e-01  -4.8966284e-01   1.7247493e-02  -4.0161571e-01  -5.9525224e-01   1.3765418e+00   6.0381468e-02  -3.8246129e-01  -8.1310139e-01  -1.9992240e+00   1.1484047e+00   2.4059469e+00   3.4517298e+00   2.9538120e+00  -9.7308666e-01   1.5138893e+00
  -4.0693907e-01  -7.3959808e-01   1.2095398e+00   2.8707485e+00  -7.5711060e-01   7.2702587e-01   2.9949609e+00  -5.4517306e-03   5.6513143e-01   7.7321282e-01   2.3791759e-01  -1.3343426e+00  -8.5550298e-01  -5.9523308e-01   1.0210234e+00  -2.9604127e-02
