  -6.6975211e+00  -1.8979032e+00  -2.4469224e+00  -2.0608523e+00   2.5381638e+00  -1.5530908e+00   3.2758259e-01  -1.5016646e+00  -4.6163674e+00  -2.8237919e+00   7.9403666e-01  -1.3709230e+00  -3.0896408e-01  -2.1640765e+00   7.9376195e+00  -3.7352343e-02
  -5.6415769e+00  -2.3314587e+00  -7.9464051e-01  -1.5036267e-01  -1.6407243e+00  -3.1981642e-01  -1.5135526e+00   1.2682258e+00   6.9459425e+00  -1.4660387e+00   1.4929458e+00   2.9448131e-01  -1.3695869e+00  -1.5733427e+00   8.7931006e-01  -1.6990708e+00
   3.1057705e+00   2.7427232e+00   3.9807637e+00   6.7264876e-01   4.5467864e+00   3.2118427e+00   2.9917505e+00   4.6034434e-01  -7.2984732e+00  -7.2874213e+00   5.8908148e+00   7.2103773e-01  -8.2806119e+00   2.9399384e+00   1.3528671e+00   3.3623232e+00
   7.2861144e+00  -4.7148929e+00   2.2687216e+00  -1.1720588e+00   4.2439348e+00   2.1025442e+00   2.3410667e+00   7.9991036e-01   1.4558137e+00   5.7449228e-01  -9.2864938e-02  -1.1231949e+00   2.7058941e-01   4.4474606e+00  -2.9144010e+00   2.1893300e+00
  -8.0456138e+00  -5.6663698e+00  -2.7440988e+00  -1.7540364e+00  -2.8311469e+00  -3.4675356e+00  -4.3775501e+00  -1.8666286e+00  -4.9338667e+00  -6.5397855e+00   2.8044578e+01  -1.7553607e+00   3.4028949e+00  -1.0693207e+00  -6.0954825e+00  -6.2517707e+00
  -1.0296491e+01   8.4312514e-01   5.3622169e+00  -9.5540356e-02  -4.3069444e+00   5.4021087e+00  -5.5709661e+00  -1.2285849e+00   6.2044275e-01   3.4156344e-02  -7.4618872e-01  -1.1190952e+00  -2.3605557e+00  -3.6780357e+00  -9.9813219e+00  -3.0483369e+00
  -3.7378054e+00  -3.5848657e+00  -2.5541002e+00   2.8214068e-01  -2.1797625e+00  -2.1817609e+00  -2.5696106e+00  -1.1391360e+00  -8.6159450e+00   6.3460491e-01   1.1022702e+01  -7.5030987e-02  -6.8497796e-01  -2.4655138e+00  -1.0129594e+00  -2.1156484e+00
   1.1264084e+00  -2.9707358e+00   1.6089819e+00  -2.2204589e-01  -5.3727395e-01  -3.4005162e-01   1.0361667e+00  -8.1694429e-01  -4.3326932e+00  -3.8450374e+00  -3.1967465e+00  -2.7503845e-01  -8.1558353e+00   1.3616981e+00  -9.9867520e-01  -1.4840376e+01
   1.0238496e+00   1.4204708e+00   2.5935129e+00   6.2909722e-01  -2.4330520e+00   6.1144823e+00   3.0924375e+00  -1.6327114e+00   9.4540513e-01  -3.8275980e-01   3.5358499e-02   6.9343938e-02  -3.8396100e-01   2.2518322e+00  -1.4746387e-01   1.4661711e+00
   6.0088904e+00  -5.8453154e-01   1.6905061e+00  -1.0698320e+00   4.1499412e+00  -2.9225240e-01   5.3577023e+00  -1.7736552e+00  -3.4563563e+00  -4.0012745e+00  -9.2285942e-01  -1.3581727e+00  -1.0828960e+00   4.0788929e+00  -2.7693894e+00   1.9179425e+00
   5.4623656e+00  -2.9269766e+00  -3.2858887e+00  -1.8628391e+00  -1.7998557e+00  -2.6680752e+00  -2.4744605e+00   9.4471268e-02   8.4235365e+00  -7.5994892e-01  -1.7664856e+01  -1.0677258e+00   1.4267307e+01  -1.9835868e+00  -6.4332282e+00  -1.3370137e+00
  -7.9931978e+00  -2.2023443e+00  -9.2948784e-01  -2.5488456e+00  -1.8112945e+00  -5.6045577e-01  -2.6258851e+00  -1.5653743e+00  -5.6143061e+00   4.9230152e+00   6.0474464e+00  -1.6465353e+00  -1.0868463e+00   2.4656709e+00  -3.1236374e+00  -2.2407581e+00
   7.9870236e-01   6.5412273e-01   2.6293539e+00  -5.4735468e-01   2.8781206e+00  -7.3263238e+00   8.3965652e-01  -4.5464374e+00   2.4470482e+00   8.4792369e-01  -8.8002951e+00  -1.5289771e+00  -9.1058527e+00   7.3958405e-01  -7.4705028e-01   8.8286980e+00
  -6.9474454e+00  -5.0859778e-01  -5.9812593e-01   1.1918415e+00   9.4400569e-01  -8.2176774e-01   3.8162153e+00   1.3208009e+00   2.2883157e-01   2.9656689e+00   8.8891259e-02   4.7039161e-01  -1.7191872e-01  -1.1176164e+01   2.2493480e+00   1.3754867e+00
