   3.7605671e-01   4.1324918e-01  -2.4132180e+00   3.8179900e-01   3.8329624e-01   3.3732869e-01   2.1701892e-01  -3.7040357e-01   3.9631029e-01   3.5066272e-01  -6.8911819e+00   3.7868557e-01   4.1049578e-01  -3.0978824e+00   3.8194818e-01  -3.2161715e+00
  -7.6441331e+00  -7.7062432e+00  -1.4295881e+00  -7.6798008e+00  -7.6807913e+00  -7.5866268e+00  -7.4448717e+00  -4.3318345e+00  -7.6581994e+00  -7.6334436e+00  -3.5432196e+00  -7.6885924e+00  -7.6919848e+00  -4.0860217e-01  -7.6923852e+00  -1.2608240e+00
  -2.1995050e+01  -2.2014210e+01  -7.3484618e-01  -2.1977152e+01  -2.1940804e+01  -2.1874557e+01  -2.1674609e+01  -1.8633794e+01  -2.2055910e+01  -2.1928856e+01   9.0370047e+00  -2.2006254e+01  -2.2006865e+01  -5.5467731e+00  -2.1992679e+01  -1.4058631e+00
   3.6530604e-01   2.7573957e-01  -2.0325986e+00   2.9950084e-01   3.1326851e-01   3.4689607e-01   3.8468695e-01  -2.3266345e-01   3.5782935e-01   3.0923805e-01  -7.0847098e+00   2.8547013e-01   3.3575287e-01  -3.3560799e+00   2.9441926e-01  -3.2797708e+00
  -4.8028603e+01  -4.8054806e+01  -4.0855460e+00  -4.8048818e+01  -4.8042469e+01  -4.8033503e+01  -4.8002480e+01  -4.9709747e+01  -4.8039767e+01  -4.8041814e+01   5.3365322e+00  -4.8041300e+01  -4.8037461e+01  -7.6018532e+00  -4.8043743e+01  -3.4572952e+00
  -1.0567079e+01  -1.0494549e+01  -7.8782201e-01  -1.0458775e+01  -1.0442112e+01  -1.0338849e+01  -1.0016087e+01  -4.8813978e+00  -1.0624832e+01  -1.0442210e+01  -3.2134523e+00  -1.0563868e+01  -1.0561166e+01  -1.9658973e+00  -1.0529230e+01  -7.8203800e-01
  -8.0090976e+00  -8.0102031e+00  -1.2041280e+00  -7.9845381e+00  -8.0078433e+00  -7.9823948e+00  -7.8898211e+00  -4.9285638e+00  -8.0699725e+00  -8.0319557e+00  -3.4963952e+00  -8.0228144e+00  -7.9893238e+00  -9.7529898e-01  -8.0457290e+00  -9.7311998e-01
   2.1323731e+00   2.0602993e+00  -4.7067239e+00   2.1378928e+00   2.1096113e+00   2.1749552e+00   2.2524899e+00  -7.6171852e+00   2.0289422e+00   2.1096273e+00  -1.4579049e+01   2.1271170e+00   2.1084583e+00  -7.9813854e-02   2.0924615e+00  -3.5848645e+00
   1.4039620e+01   1.4041009e+01  -4.7109870e+01   1.4004935e+01   1.4004604e+01   1.4088321e+01   1.4249858e+01  -6.3610056e-01   1.4040316e+01   1.4044845e+01  -1.2943237e+01   1.4041345e+01   1.4012820e+01  -4.2887018e+01   1.4015271e+01  -4.8462167e+01
  -6.6837892e+00  -6.7422461e+00  -1.1999795e+00  -6.7114483e+00  -6.6308192e+00  -6.6197473e+00  -6.3452815e+00  -3.5150273e+00  -6.7248878e+00  -6.6854806e+00  -3.6716067e+00  -6.7090864e+00  -6.7008709e+00   2.4001767e-02  -6.6518271e+00  -8.9553955e-01
  -6.6591578e+00  -6.6882164e+00  -1.2746784e+00  -6.6736240e+00  -6.5909781e+00  -6.4620828e+00  -6.1719289e+00  -3.4622877e+00  -6.7430823e+00  -6.5369321e+00  -3.6789034e+00  -6.6847738e+00  -6.6829139e+00   2.2320979e-02  -6.6694668e+00  -9.2605282e-01
  -2.1575074e+00  -2.1637572e+00   6.3848925e-01  -2.1293198e+00  -2.0740737e+00  -1.9766179e+00  -1.7418962e+00   6.2388335e-01  -2.2363956e+00  -2.0301386e+00   2.0368192e+00  -2.1689789e+00  -2.1641548e+00  -3.0187750e+00  -2.1554215e+00  -6.3466828e-01
   3.7221319e-01   3.9299121e-01  -2.2750448e+00   3.7307436e-01   3.5357315e-01   2.1014695e-01   1.5275637e-01  -2.5748089e-01   4.4210276e-01   3.2008213e-01  -6.9718485e+00   4.0479604e-01   3.6520165e-01  -3.1679682e+00   3.9641229e-01  -3.2730299e+00
   6.2538884e+00   6.2889407e+00  -2.0410165e+01   6.2577488e+00   6.2682224e+00   6.3020580e+00   6.4134491e+00  -3.6037703e+00   6.2677232e+00   6.3028108e+00  -1.2540280e+01   6.2659528e+00   6.2708680e+00  -1.7086192e+01   6.3178199e+00  -1.5966842e+01
