  -2.4433165e+00  -4.9089651e+00  -1.4068617e+00  -6.0949727e+00  -6.1429889e-01  -1.3075163e+00  -5.5015062e-01  -5.9298901e-01  -2.3766936e+00  -3.2639252e-02  -6.5341546e-01  -2.4868260e+00  -2.4380572e+00  -2.9030805e-01  -9.7281631e-01  -1.2701389e+00
  -2.4161633e+00  -4.9626673e+00  -1.3647731e+00  -5.9725184e+00  -7.3571219e-01  -1.3153148e+00  -5.2513081e-01  -5.6839448e-01  -2.3592074e+00  -1.1196949e-01  -6.9601856e-01  -2.4199425e+00  -2.4380034e+00  -3.5516471e-01  -1.0163734e+00  -1.2617406e+00
  -5.7341680e+00  -5.5725309e+00  -1.1247575e+01  -1.2399031e+01  -5.8347026e+00  -9.4905709e+00  -7.9245312e+00  -7.3328532e+00  -5.7512033e+00  -6.9899816e+00  -7.5612960e+00  -6.2676525e+00  -6.2621515e+00  -7.0215638e+00  -7.7891500e+00  -6.0887817e+00
  -1.7467375e+00   2.2845896e+01  -9.5948065e+00  -7.4984185e+00  -1.1256770e+00  -4.7189346e+00   2.0752089e+00   1.4068009e+00  -1.9729607e+00  -2.3060029e-01  -4.2855798e+00  -6.0218067e-01  -6.2203172e-01   1.2243245e+00   8.4800409e-01   1.0152923e+01
  -3.8683861e+00   1.1920423e+01   4.9809687e+00   1.1918589e+01  -5.3328677e-01   3.3795961e+00   1.9520411e+00   2.4402281e+00  -4.1262979e+00  -7.6602804e-01  -2.4147679e+00  -2.5676758e+00  -2.5380094e+00   2.4162258e+00   4.9340473e-01  -6.3601556e+00
  -3.3287745e+00  -3.3631294e+00  -9.4519935e-01  -5.6998400e-01  -6.5436264e-01  -1.2260805e+00  -8.1628776e-01  -6.9357297e-01  -3.4826430e+00  -6.9985237e-01   4.0830955e-01  -2.5321344e+00  -2.5485808e+00  -1.0922486e+00  -1.3306704e+00  -6.7689088e+00
  -2.4804304e+00  -3.6828591e+00  -1.9628079e+00  -2.9870499e+00  -1.9677692e+00  -2.0097639e+00  -2.9576590e+00  -2.2668771e+00  -2.5907541e+00  -2.0044927e+00  -6.1724375e-01  -2.1626630e+00  -2.1269790e+00  -2.0517900e+00  -2.8189645e+00  -2.0140237e+00
  -2.3611204e+00  -4.1575049e+00  -1.3623105e+00  -4.9491885e+00  -1.1214866e+00  -1.3994155e+00  -8.9326906e-01  -9.0952700e-01  -2.4025549e+00  -8.0165213e-01  -1.4205037e+00  -2.2666277e+00  -2.2663111e+00  -8.1531028e-01  -1.2487098e+00  -1.5283222e+00
   2.2782108e+00  -3.6620237e+00   9.6724386e+00   4.2666997e+00   2.3248412e+00   8.6920311e+00   5.3673080e+00   4.6005653e+00   2.1001048e+00   3.3182193e+00  -1.3248063e+01   2.9482243e+00   2.9029002e+00   4.6450450e+00   4.7352700e+00  -1.5028957e+01
   3.4538568e+00   4.0366030e+00   1.9533250e+00  -1.2515586e+00   3.9739851e+00   4.2308459e+00   1.7781567e+00   1.8284512e+00   3.6922646e+00   2.9427547e+00   2.5949177e+00   1.9214389e+00   2.0259164e+00   2.2191407e+00   1.6286870e+00   9.5646859e+00
   3.7768440e+00  -4.5204006e+00   3.8031412e+00   1.9976880e+00   4.5074696e+00   4.9364339e+00   3.8980009e+00   3.3825144e+00   3.8635114e+00   3.8173446e+00   6.6102026e+00   3.3321414e+00   3.3927819e+00   3.2895327e+00   3.6189506e+00   3.3908112e+00
   2.1220533e-01   3.3666983e+00  -1.5109085e+01  -1.7554102e+01   5.7782526e-01  -1.1329499e+01   9.7263766e-01   6.8851729e-01   1.9828976e-01   9.8300058e-02   8.6350324e+00   4.4465254e-01   4.3966909e-01   4.6174436e-01   8.0997250e-01   1.4656595e+01
   3.2260098e+00  -1.1275455e+00   8.6436698e+00   1.0620341e+01   3.9313288e+00   5.1631677e+00   3.1841039e+00   3.2415158e+00   3.3080173e+00   3.2819358e+00   6.8466553e+00   2.7975588e+00   2.8238306e+00   3.3862083e+00   2.8160593e+00  -3.5107647e+00
  -2.8066449e+00  -1.4977915e+00  -2.0100208e+00  -5.0083464e+00  -1.7937052e+00  -2.0917278e+00  -1.6264021e+00  -1.6022286e+00  -2.7532299e+00  -1.5905623e+00  -2.3764574e+00  -2.6332194e+00  -2.6084661e+00  -1.5735868e+00  -1.8433430e+00  -1.3704473e+00
