   7.5919694e-01   2.7764514e-01   7.2400575e-01   3.9317806e-01   5.4835778e-01   2.5321015e-01   9.6935796e-01   8.4582049e-01   5.3051953e-01   2.0666432e+00   1.1092731e+00   6.8916975e-01   3.1636868e-01   7.3858176e-01   9.5987078e-01   9.7105356e-01
  -6.0403765e-01  -4.7685095e-02  -6.2548908e-01  -1.4898865e-01   1.0430073e-01  -3.7881411e-01  -4.8285032e-01  -6.2340851e-01  -6.5224773e-01  -1.4316749e+00  -4.1520015e-01   9.1479165e-02  -1.9822686e-01   1.2523943e-01  -5.1954141e-01  -4.7803476e-01
  -6.1903702e-01  -1.6465682e-01  -6.8865118e-01  -2.1158134e-01   9.3922032e-02  -4.6095980e-01  -6.2306398e-01  -6.6895494e-01  -5.5142892e-01  -1.6107313e+00  -5.0087458e-01  -1.2895030e-01  -3.2607091e-01  -4.0630028e-01  -6.3500318e-01  -6.2932193e-01
  -6.2180055e-01  -2.0426383e-01  -5.8672902e-01  -2.2831381e-01   3.1809956e-02  -5.1931703e-01  -6.9569948e-01  -6.6682826e-01  -5.5072798e-01  -1.4844544e+00  -5.1013925e-01  -2.4514987e-01  -3.3673551e-01  -5.3493977e-01  -6.7044568e-01  -6.9163751e-01
  -2.4914402e+00   1.7829600e+00  -2.5177342e+00   1.5464310e+00   2.0338688e+00   1.1175034e+00  -2.5032862e+00  -2.5724846e+00  -2.4031062e+00  -2.6373484e+00  -2.4290512e+00   1.7388171e+00   1.4827872e+00   1.5138863e+00  -2.4964848e+00  -2.4675454e+00
  -4.1633899e-01   3.5966734e-01  -3.3955755e-01   3.8517207e-01   6.8973784e-01   1.3684395e-01  -3.4269051e-01  -4.0856685e-01  -3.4590872e-01  -3.7938304e+00  -1.7979818e-01   5.4046387e-01   3.1871802e-01   4.2673320e-01  -3.6138968e-01  -3.5739207e-01
  -2.0764664e+00   4.6967346e+00  -2.2109162e+00   5.9541904e+00   6.7451074e+00   5.5419750e+00  -1.3475721e+00  -1.8674879e+00  -2.5243260e+00   3.9927918e+00  -4.5744542e-01   7.2813101e+00   4.9949737e+00   7.3786804e+00  -1.4319689e+00  -1.3642382e+00
  -1.0914641e+00   1.7027297e-01  -1.0796699e+00   1.4577118e-01   2.5686326e-01  -1.3193906e-02  -9.1099753e-01  -1.0569865e+00  -1.1659626e+00   7.6368998e-01  -8.4188280e-01   4.2994984e-01   5.7588367e-02   4.3946659e-01  -9.7236631e-01  -9.0437397e-01
  -6.1890545e-01  -1.6528061e-01  -6.4992904e-01  -2.3740675e-01   1.4015135e-02  -5.1095863e-01  -4.8762518e-01  -6.3063880e-01  -6.5581529e-01  -1.5093104e+00  -4.1986912e-01  -1.0149930e-02  -2.9761139e-01  -3.3590038e-02  -5.9076395e-01  -5.8239539e-01
  -6.6693345e-01  -2.0760779e-01  -6.7058361e-01  -3.0188918e-01   8.0813287e-02  -5.0966137e-01  -6.3599617e-01  -6.7392246e-01  -5.7454154e-01  -1.5922218e+00  -5.5008491e-01  -1.2105769e-01  -3.2809984e-01  -4.1182221e-01  -6.1979752e-01  -6.0534044e-01
  -6.2539093e-01  -2.3452101e-01  -6.5627313e-01  -3.2442607e-01   4.0698317e-02  -5.1513714e-01  -5.4699936e-01  -6.5009280e-01  -6.0759626e-01  -1.4962946e+00  -5.2875178e-01  -1.0822530e-01  -3.4152529e-01  -2.1202124e-01  -6.0264358e-01  -6.0088450e-01
  -9.4578565e-01   4.7552132e+00  -8.8547139e-01   4.5566340e+00   4.9460046e+00   4.0115326e+00  -8.1820682e-01  -9.6537905e-01  -9.4759203e-01  -3.9503570e+00  -7.0269900e-01   4.8884130e+00   4.5375977e+00   4.7422068e+00  -9.2582667e-01  -9.3031890e-01
  -6.2050290e-01  -2.4582106e-01  -6.2157263e-01  -2.7218790e-01   1.0045010e-01  -5.0569141e-01  -6.4442253e-01  -6.8282369e-01  -5.0050594e-01  -1.4617349e+00  -5.1132607e-01  -2.6429329e-01  -3.8239214e-01  -4.7323964e-01  -6.5951924e-01  -7.2904766e-01
  -6.6455958e-01  -2.0600045e-01  -5.8667476e-01  -2.6402419e-01   1.3317318e-01  -5.3748159e-01  -6.3879013e-01  -6.4351922e-01  -5.4196306e-01  -1.5575032e+00  -5.6636130e-01  -2.3646891e-01  -3.1815468e-01  -5.0148862e-01  -6.8203062e-01  -7.0371568e-01
