   1.0680521e-01   5.8665267e-01   5.1055057e-01   4.5627480e-01   2.0728342e-01  -4.0526066e-01  -1.1821028e+00  -1.0795253e+00   2.4192595e-01   1.4193710e-01  -4.6673049e-01  -7.5486732e-01  -2.6038418e-01  -2.3701876e-01  -9.0016627e-01   4.6572335e-01
   8.8129595e-02  -1.2523379e-01   1.7892041e-01  -2.1761902e-01   8.6310221e-02   4.4329534e-01   1.3988780e-02   5.0523009e-01  -2.0952106e-01  -1.2270984e+00  -1.0214587e-02   4.3268870e-01  -3.4016269e-01   4.4955403e-01  -9.0192397e-01  -8.1539983e-01
   9.9806235e-01  -1.8109181e+00   5.0168493e-01  -2.5432706e+00   1.9739811e+00  -2.8310681e-01   1.8109964e+00  -9.1518445e-01  -2.7966438e-01   1.4963782e+00  -2.2235916e+00   1.2724580e-01  -5.4710120e-01  -2.0921049e-01   1.0303392e+00  -1.5629520e+00
  -1.1461075e+00   5.1823632e-02  -7.2666703e-01  -3.8401030e-01  -1.5495321e+00  -1.5274297e-01  -1.9490215e+00   2.2480201e-01  -2.0331133e-01  -1.2563698e-01  -7.7985724e-01  -3.6519531e-01   9.6246604e-01   1.3577227e+00  -2.7714554e-01   1.1231019e+00
   1.2008773e-01   2.4556376e-01  -4.6208985e-01  -7.1352854e-01   7.5366246e-01   8.1610375e-02  -8.9659799e-01   1.0880226e-01  -1.1180738e+00   7.0352255e-01  -6.7289458e-01  -8.4089048e-01  -8.1662037e-01  -2.6079608e-01  -7.0685600e-01   2.7374835e-01
  -7.8754057e-01   2.3170108e-01   3.6723461e-01   2.1888044e-02  -2.1481392e-01  -1.0499533e+00   6.9756589e-01  -1.8529306e-01   4.3010041e-01  -1.4693001e-01   2.9765424e-01  -5.4591844e-01   5.5147015e-01  -6.0422505e-01  -8.7457635e-01  -1.1113479e-01
  -7.0658066e-01  -8.5874890e-01  -1.1427504e+00  -4.2982905e-01  -7.9791303e-02   3.0116188e-01  -3.2513183e-01  -3.6300992e-01  -3.5007635e-01  -6.9493926e-01  -7.0437219e-01  -3.3916682e-01  -1.1040542e+00  -1.0186764e+00   6.3091782e-01  -1.1630160e+00
   6.0832182e-01   4.5842546e-01   2.3829683e-01  -8.0147436e-01  -7.6786706e-01  -4.7448499e-01  -1.6785515e+00   5.5126118e-01  -2.6094526e-01  -8.8337449e-01  -2.8393278e-01  -4.0188558e-01  -5.5166460e-01   1.0746448e+00  -1.2628918e-01   9.0888798e-01
   3.9137161e-01  -1.2044111e+00   1.7553956e-02  -6.2773977e-02  -1.3217148e+00   4.2905258e-01  -1.5090755e+00   1.0616819e+00  -1.5715172e-01   5.8178488e-02   1.0052212e-01  -6.0942809e-01   2.6678628e-01  -3.3611064e-01  -8.0822253e-01   1.1788032e+00
   1.8146006e-02   5.9448402e-03  -1.2306673e-01  -4.2576092e-03   3.0086280e-01  -9.1954576e-01  -1.0536515e+00  -7.8338731e-01  -2.2940373e-01   7.5221122e-01   1.5673073e+00  -1.4802731e+00  -3.9047011e-01  -1.5314254e+00   4.1231026e-01  -3.3370746e-01
   9.9485413e-01  -1.5002281e+00   1.3046554e+00   1.5448376e+00  -6.3009060e-01  -1.6999176e+00   3.6788697e-01  -9.8978979e-01  -1.1291892e+00  -4.2780132e-01  -1.4686769e+00   2.0868334e+00  -1.1754662e+00  -6.9622744e-01   5.6676764e-01  -6.7723602e-01
  -1.1943609e+00  -1.4700394e+00  -6.2031184e-01  -1.2974343e+00  -8.8657187e-01   1.4336601e+00  -7.8334071e-01   2.3507504e-01   1.0282869e+00  -2.3359049e-01  -1.8442617e+00   1.4617151e+00   1.4642808e+00   2.1191334e+00  -1.3047041e+00   7.7586181e-01
  -6.2225856e-01   2.2324759e+00  -9.3562209e-01   1.7394294e-01   1.3640945e-03   1.1525979e+00   1.3757056e-01  -1.4522649e-01  -2.3099304e-02  -9.6935169e-01   1.1726044e+00  -1.7230505e+00   4.3600920e-01  -1.5271769e+00  -1.4813278e+00  -8.9371863e-01
   1.0441452e+00  -8.9216179e-01   3.2582576e+00  -2.4209798e+00   1.6239700e+00  -1.5238545e+00   1.8842863e-01  -1.7047284e+00  -4.0452751e+00   7.4637523e-01  -3.5086566e-01  -7.6933156e-01  -2.4472547e+00  -1.0120344e-01   1.0865584e+00  -4.3059053e-01
