   7.9523117e+00   8.3555836e+00   5.7877533e+00   7.6432959e+00   7.9553456e+00   7.6052350e+00   8.5136762e+00   8.1502568e+00   8.3237072e+00   7.2793191e+00
   7.9703063e+01   8.0662912e+01   5.6256836e+01   7.6180337e+01   8.0040302e+01   7.5043936e+01   8.0233678e+01   7.9051953e+01   8.0869648e+01   7.1457229e+01
   1.1332532e+01   1.1483023e+01   9.2240305e+00   1.2726377e+01   1.1409369e+01   1.0854068e+01   1.1505846e+01   1.1375596e+01   1.1575017e+01   1.0510705e+01
   2.3986316e+01   2.4211786e+01   1.7135652e+01   2.2666372e+01   2.3978174e+01   2.2745007e+01   2.4020078e+01   2.3670074e+01   2.4231494e+01   2.1631217e+01
   6.6351822e+00   6.7387949e+00   4.7747334e+00   6.4604892e+00   6.7402242e+00   6.6160190e+00   6.7855044e+00   6.9579232e+00   7.0762772e+00   5.9919883e+00
   5.6908276e+00   5.6351479e+00   4.0444694e+00   5.5309700e+00   5.5003209e+00   5.4453371e+00   5.5917655e+00   5.7650970e+00   5.9111036e+00   4.8097366e+00
   1.3959171e+02   1.4155426e+02   9.9012177e+01   1.3334717e+02   1.4005942e+02   1.3194615e+02   1.4087458e+02   1.3864280e+02   1.4144952e+02   1.2483196e+02
   1.0764805e+02   1.0892420e+02   7.6334457e+01   1.0265424e+02   1.0767846e+02   1.0166251e+02   1.0855781e+02   1.0651192e+02   1.0887592e+02   9.6129387e+01
   5.4412479e+00   5.4210170e+00   4.3430158e+00   5.7756609e+00   5.1169966e+00   5.2580387e+00   5.6019736e+00   5.4584507e+00   5.5832466e+00   4.9762692e+00
   1.7149216e+02   1.7378695e+02   1.2120858e+02   1.6354874e+02   1.7164357e+02   1.6156787e+02   1.7292719e+02   1.6972759e+02   1.7372896e+02   1.5342530e+02
