   7.5785565e-01   2.8505424e-01   7.2268875e-01   4.0077273e-01   5.5595130e-01   2.6076283e-01   9.6813194e-01   8.4451942e-01   5.2913392e-01   2.0681992e+00   1.1081398e+00   6.9694055e-01   3.2380956e-01   7.4640887e-01   9.5860390e-01   9.6981367e-01
  -6.2610455e-01   4.5149228e-03  -6.4764730e-01  -9.7390442e-02   1.5588345e-01  -3.2723012e-01  -5.0534168e-01  -6.4561425e-01  -6.7413426e-01  -1.3637539e+00  -4.3798174e-01   1.4217294e-01  -1.4612305e-01   1.7545755e-01  -5.4189920e-01  -5.0048890e-01
  -6.1764222e-01  -1.6737843e-01  -6.8725698e-01  -2.1431065e-01   9.1193449e-02  -4.6368140e-01  -6.2167219e-01  -6.6756158e-01  -5.5003361e-01  -1.6134454e+00  -4.9948713e-01  -1.3167473e-01  -3.2879406e-01  -4.0901621e-01  -6.3360969e-01  -6.2792924e-01
  -6.1980201e-01  -2.0772535e-01  -5.8473320e-01  -2.3180098e-01   2.8325062e-02  -5.2279381e-01  -6.9371426e-01  -6.6483490e-01  -5.4872489e-01  -1.4878841e+00  -5.0816706e-01  -2.4864580e-01  -3.4020247e-01  -5.3843146e-01  -6.6845502e-01  -6.8965001e-01
  -2.9450421e+00   2.0284194e+00  -2.9722777e+00   1.7832189e+00   2.2723771e+00   1.3521492e+00  -2.9612118e+00  -3.0277213e+00  -2.8546521e+00  -2.7930463e+00  -2.8901515e+00   1.9664540e+00   1.7258500e+00   1.7353606e+00  -2.9530156e+00  -2.9249330e+00
  -5.6836202e-01   5.4053090e-01  -4.9074563e-01   5.7315032e-01   8.7700625e-01   3.2470168e-01  -4.9034442e-01  -5.5909438e-01  -4.9967665e-01  -3.8967599e+00  -3.2386226e-01   7.3433543e-01   5.0123159e-01   6.2288934e-01  -5.1058096e-01  -5.0556216e-01
  -2.0575419e+00   4.6174923e+00  -2.1918800e+00   5.8757713e+00   6.6664493e+00   5.4639028e+00  -1.3281128e+00  -1.8483651e+00  -2.5056620e+00   3.9873575e+00  -4.3764846e-01   7.2038710e+00   4.9159689e+00   7.3019643e+00  -1.4126742e+00  -1.3448197e+00
  -1.5019144e+00   2.2928936e-01  -1.4886198e+00   2.2052989e-01   3.2728929e-01   6.5274646e-02  -1.3134551e+00  -1.4644258e+00  -1.5800213e+00   7.2493559e-01  -1.2376749e+00   5.1508056e-01   1.2169257e-01   5.3106312e-01  -1.3776524e+00  -1.3079586e+00
  -6.2081486e-01  -1.6157129e-01  -6.5184063e-01  -2.3370861e-01   1.7712315e-02  -5.0726770e-01  -4.8954476e-01  -6.3255113e-01  -6.5771976e-01  -1.5050530e+00  -4.2179376e-01  -6.4823219e-03  -2.9390365e-01  -2.9943451e-02  -5.9268095e-01  -5.8431462e-01
  -6.6508544e-01  -2.1114461e-01  -6.6873784e-01  -3.0544745e-01   7.7256533e-02  -5.1320883e-01  -6.3415916e-01  -6.7207877e-01  -5.7268997e-01  -1.5955641e+00  -5.4825904e-01  -1.2462131e-01  -3.3164096e-01  -4.1537982e-01  -6.1795586e-01  -6.0350145e-01
  -6.2440812e-01  -2.3632916e-01  -6.5529058e-01  -3.2623854e-01   3.8886586e-02  -5.1694492e-01  -5.4601793e-01  -6.4911075e-01  -6.0661334e-01  -1.4982217e+00  -5.2777280e-01  -1.1003315e-01  -3.4333449e-01  -2.1382296e-01  -6.0166123e-01  -5.9990254e-01
  -9.3577360e-01   4.8047067e+00  -8.7538831e-01   4.6073915e+00   4.9968222e+00   4.0624157e+00  -8.0741365e-01  -9.5510675e-01  -9.3792821e-01  -3.9508171e+00  -6.9117063e-01   4.9402025e+00   4.5874442e+00   4.7943661e+00  -9.1523414e-01  -9.1956055e-01
  -6.1858827e-01  -2.4910559e-01  -6.1966043e-01  -2.7549573e-01   9.7144503e-02  -5.0898961e-01  -6.4251985e-01  -6.8091374e-01  -4.9858727e-01  -1.4650535e+00  -5.0943521e-01  -2.6760815e-01  -3.8568168e-01  -4.7654998e-01  -6.5761161e-01  -7.2714289e-01
  -6.6250951e-01  -2.0975943e-01  -5.8462760e-01  -2.6781015e-01   1.2938919e-01  -5.4125580e-01  -6.3675424e-01  -6.4147463e-01  -5.3990820e-01  -1.5610624e+00  -5.6433923e-01  -2.4026445e-01  -3.2191913e-01  -5.0527942e-01  -6.7998892e-01  -7.0167739e-01
