  -1.4772514e+00  -4.6621168e-01   2.3423143e-01  -7.8365799e-01  -1.2287551e+00  -7.3068731e-01  -1.9112788e-01   5.4204149e-01   2.6331235e-02  -1.6428498e+00  -4.6150294e-01  -6.7250444e-01  -3.4485394e-01   5.1475427e-01   3.0742510e-02   1.7536159e-01
  -3.6759734e+00  -5.2201886e+00  -2.7378126e+00   1.7451798e+01  -3.4156355e+00  -3.0059904e+00  -1.9935959e+00  -2.9178677e+00   8.5422763e-01   1.8427709e+01  -6.2796451e+00  -1.0763086e+00  -9.6854806e+00  -7.6282405e+00  -3.7505856e+00   2.5719731e-01
  -2.5832812e+00   3.3857646e-01  -1.9405815e+00  -1.2418926e+00  -3.6930586e+00   8.4863045e-01  -2.2103055e+00   5.8050676e-01   1.0161987e-01  -1.4878758e+00  -1.4446805e+00   2.3821102e-01  -4.0935096e-01  -1.5105903e+00  -2.5357333e+00  -2.0693363e+00
  -1.9136080e+00  -2.5255137e-01  -1.2604560e+00   7.9871381e-01  -1.1338289e+00   1.5101475e-01  -3.2241240e-01  -2.6313495e+00  -6.9300658e-01  -9.8103956e-02  -1.4625836e+00  -2.9284873e-01  -5.8008615e+00   2.9030992e-01  -1.7408559e+00  -6.8578016e-02
  -1.7554181e+00   6.9331899e+00  -9.1558660e-01   1.1371256e+01  -3.4531907e+00  -1.9382121e+00   1.7863039e+00  -1.2669157e+01  -5.3468789e+00  -1.6893056e+00   3.5487552e+00  -3.2576478e+00  -3.7994052e+00   4.7641941e+00  -1.8849510e+00  -2.7328250e+00
  -5.3638423e-01  -1.4157289e+00  -1.5314213e+00   9.9997419e-01  -1.3541017e+00  -1.2662312e+00  -1.5312316e+00  -3.1863044e+00   4.3781819e-01  -4.0493400e-01   1.7420314e-02  -5.1797210e-01  -6.0810962e+00   2.0472790e-02  -2.5702550e-01  -1.4847191e-01
  -7.0251777e-01  -4.5841997e-01   1.1420409e+00  -1.4514424e+00  -2.2201186e-01  -1.3906911e+00   2.7521274e-01  -2.0185479e+01  -2.9670350e-01   1.3512608e+00  -2.8813812e+00  -2.9869457e-01   2.8014527e+00   3.1988528e-01   5.4481980e-01   1.7747698e+00
  -4.6851132e+00  -4.2550162e+00  -4.6955875e+00  -1.5226471e+00  -4.6435208e+00   1.3217746e+00  -3.4141321e+00   1.4553291e-01   4.4195369e+00  -2.8024680e+00  -4.6094932e+00   1.2952354e+00   1.3108577e+00  -2.1630659e+00  -4.4918863e+00  -3.3894327e+00
  -1.9387223e+00  -2.6976327e+00  -2.0525395e+00  -1.8589796e-01  -1.9973653e+00   2.1433709e+00  -1.6253413e+00  -1.7244340e+00   3.0582620e+00  -4.0582067e-01  -1.5362191e+00   1.9247448e+00   1.8640384e+00  -1.8085233e+00  -2.0299336e+00  -2.2845796e+00
  -1.2484573e+00  -1.2762513e+00  -1.5584374e+00  -1.4859223e-01  -9.7116262e-01  -8.4853050e-01   4.5926151e-01  -2.0369357e+00  -8.7827474e-01   3.3746482e-01  -9.3072760e-01  -8.7808159e-01  -5.3453544e+00   1.9648497e-01  -1.3150854e+00  -8.4817939e-01
  -1.4439582e+00  -1.6142095e+00  -8.5508191e-01  -4.4182355e-01  -4.9183525e-01  -7.2314235e-01  -1.6829977e+00  -3.3024563e-01   7.7685515e-01  -6.3660742e-02  -1.4136122e+00   7.7102563e-02  -3.7776459e-01  -1.1793448e+00  -1.3394400e+00   1.5305830e-01
  -1.3963095e+00  -3.7273008e+00  -8.7497272e-01  -1.6714017e-01  -2.0818384e+00   1.7276669e+00  -1.8834268e+00   3.1743057e-01   2.2636625e+00  -1.4485033e+00  -3.3933165e+00   1.4398796e+00  -1.6866034e+00  -1.3024972e+00  -3.4374469e+00  -1.8789241e+00
  -1.3320818e+00   2.4745169e-01   4.4682103e-01  -4.7703346e+00  -1.8044168e+00   4.1227484e-02  -1.1274831e-02  -2.0199990e-01  -9.7027128e-01  -1.4715903e+00  -1.8969747e+00  -2.9414380e+00  -3.0604530e-02   2.4963563e-01  -1.5072336e+00  -7.1977536e-01
  -3.2898933e-01  -1.0718774e+00  -2.6947652e+00   4.2900432e-01  -9.1535813e-01   3.0832323e-01  -2.3429879e+00   4.7019202e-01   1.4007151e+00   6.7196904e-01  -8.6559855e-01   1.6725612e+00   1.6968484e+00  -6.2385556e-01  -1.9097504e+00  -3.1939678e-01
