   6.0458466e-01  -1.2349634e-01   6.6129316e-02  -7.3577690e-01   8.1613392e-01  -8.2457258e-01  -1.5074345e+00  -1.0527031e+00   4.1255720e-01  -1.9725784e-01   7.9291376e-01  -1.3688437e+00  -3.5375122e-01  -3.2337863e-01   9.8428505e-01   1.7564693e-01
   2.0888720e-03   2.9264508e-03   7.0167589e-01   5.6160903e-01  -6.2270732e-01   1.0789870e+00   2.4887689e-02  -1.2751111e+00   8.9526848e-01   1.2993346e-01   1.3308351e+00  -3.6279088e-01  -2.0801124e-01  -6.6078095e-01   7.7837993e-01   8.4260157e-01
  -1.8246267e+00   1.6467402e+00  -2.0946744e+00   6.2198837e-01   1.8135483e+00   1.2254372e+00  -8.2975602e-01  -1.6209127e+00   9.4017137e-01   6.7737356e-02   1.3206869e+00   2.2899990e-01  -3.3209117e-01  -1.2026650e+00   1.5640598e-01  -1.9541991e+00
  -1.4454806e+00   3.7126456e-01  -6.6512183e-01  -4.8760119e-01   8.0677691e-01   2.5026366e-01   9.9125483e-01  -1.9748601e-02   4.3849508e-01  -3.6585644e-01   4.4863335e-01  -3.0144982e+00  -1.5031114e-01   1.0075731e-01  -1.3570949e+00  -3.7991769e-01
  -3.6181530e-01  -9.1938783e-01   1.6392185e-01  -1.0231616e+00  -1.0792458e-01  -1.6467582e+00   8.5207592e-01   1.0956228e+00  -7.8961253e-01  -6.8867857e-01  -3.5004536e-01  -5.3984596e-01  -4.9272163e-01   2.5568723e-01  -5.6905327e-01   2.4834472e-01
   6.5364321e-01   1.0310681e+00  -1.0022147e+00  -6.6523434e-01  -6.5685775e-01   8.9760013e-01  -1.8186067e-01   1.8090352e-01   5.8389384e-01   3.1967450e-02  -5.4387385e-01   3.2055052e-01  -1.0710552e-01   1.6889089e-02   1.4700485e-02  -1.2105017e+00
  -6.5163358e-01  -1.2194998e+00  -1.0709262e-01   2.6901120e+00  -7.7229688e-01  -4.2941449e-01   2.2366324e+00  -5.2334127e-01  -8.0371662e-01   6.0084364e-01  -5.1675577e-01   2.8277434e+00   1.5844028e+00  -3.7068977e-01  -1.8220280e+00   1.6425661e+00
   5.9408769e-01   6.3738833e-01  -8.1623700e-01  -1.0358203e+00  -4.1566921e-01  -2.1137244e-01  -6.0485987e-01  -7.8939173e-01   4.0752778e-01   4.6467298e-01  -2.8743433e-02  -6.4299702e-01  -1.0964766e+00  -1.5502761e-01  -4.8201164e-01  -2.5183889e-01
  -8.7273834e-01   7.4722626e-01   1.2153061e-01   2.3257538e-01   8.0821351e-01   2.5549486e-01   6.8764304e-01  -1.1695080e+00  -8.4227285e-02   4.6075316e-01  -1.6980567e-01  -2.8672140e+00  -3.3156751e-01  -2.7440357e-01   6.3944645e-01  -3.0519763e-01
   8.0065949e-01  -4.9424991e-01  -4.0139964e-01   3.7103734e-01  -3.5844406e-01  -4.4005709e-01   2.7048044e-01   4.2214931e-01  -1.8875761e-01   2.3727922e-01   7.7713272e-01  -2.7666781e-01   9.3774674e-01   2.8470551e-01  -1.5654047e+00   1.2880921e+00
  -3.4717193e-01   8.8270241e-02  -1.4146593e-02   8.5026747e-01   7.6681777e-01  -8.9884893e-01  -8.8858216e-01  -1.1306639e+00   2.0988322e-01  -4.1101963e-01  -6.3014868e-01  -2.3076475e-01  -1.0827976e+00  -2.7227050e-01   1.9225546e-01   1.5180109e-01
  -1.0814815e+00  -1.3331268e-01  -1.3689316e+00  -2.6091392e-01   1.6307829e-01   2.7491197e-01   9.8911361e-01  -2.3944841e+00   2.0671522e+00   1.2955014e+00   7.6583875e-01  -9.1968059e-01   2.0621183e+00  -1.0555858e+00  -8.5131495e-02   1.6083294e-01
   8.1190771e-01  -2.8601605e+00   1.6713095e+00  -6.7171063e-01  -2.7066906e+00  -3.0039085e+00  -4.4595290e-01   8.8476033e-02  -2.2408354e+00  -4.0846680e-01  -2.3664661e+00   5.6691205e-02  -3.4675646e-01   1.9162585e+00   1.0062103e+00   3.4222872e+00
   3.6956446e-01  -5.5963944e-01  -3.2391126e-01  -9.5589745e-01  -1.1555860e+00  -1.1561125e+00  -6.6127783e-01   2.4775331e-01   8.4117057e-01  -5.8148737e-01  -6.1742797e-01   6.8733521e-01  -1.8335384e-01  -7.3341888e-01   5.6504323e-01   1.3680352e+00
